159.000000 31.000000
124.000000 39.000000
94.000000 61.000000
76.000000 91.000000
69.000000 126.000000
67.000000 159.000000
71.000000 197.000000
79.000000 235.000000
91.000000 272.000000
118.000000 297.000000
151.000000 316.000000
195.000000 324.000000
237.000000 305.000000
262.000000 281.000000
280.000000 248.000000
284.000000 210.000000
285.000000 173.000000
281.000000 138.000000
272.000000 106.000000
258.000000 76.000000
242.000000 43.000000
205.000000 28.000000
148.000000 119.000000
132.000000 114.000000
116.000000 112.000000
102.000000 114.000000
91.000000 123.000000
94.000000 130.000000
105.000000 125.000000
118.000000 123.000000
132.000000 124.000000
147.000000 128.000000
260.000000 105.000000
246.000000 97.000000
232.000000 100.000000
216.000000 105.000000
201.000000 113.000000
203.000000 123.000000
218.000000 116.000000
233.000000 108.000000
246.000000 107.000000
257.000000 111.000000
151.000000 154.000000
139.000000 145.000000
122.000000 141.000000
111.000000 145.000000
104.000000 155.000000
114.000000 157.000000
126.000000 158.000000
138.000000 157.000000
248.000000 138.000000
239.000000 131.000000
229.000000 128.000000
214.000000 134.000000
206.000000 144.000000
217.000000 146.000000
229.000000 145.000000
240.000000 142.000000
127.000000 148.000000
226.000000 136.000000
164.000000 147.000000
163.000000 162.000000
161.000000 179.000000
156.000000 195.000000
152.000000 211.000000
168.000000 217.000000
186.000000 218.000000
203.000000 213.000000
217.000000 203.000000
211.000000 190.000000
202.000000 175.000000
196.000000 159.000000
192.000000 142.000000
239.000000 233.000000
218.000000 233.000000
202.000000 231.000000
189.000000 235.000000
174.000000 234.000000
156.000000 238.000000
131.000000 242.000000
155.000000 261.000000
170.000000 269.000000
184.000000 271.000000
198.000000 270.000000
212.000000 263.000000
224.000000 254.000000
