213.000000 40.000000
173.000000 39.000000
135.000000 46.000000
104.000000 75.000000
85.000000 105.000000
76.000000 140.000000
70.000000 181.000000
73.000000 214.000000
78.000000 255.000000
103.000000 288.000000
133.000000 314.000000
170.000000 330.000000
207.000000 320.000000
238.000000 297.000000
260.000000 268.000000
272.000000 238.000000
282.000000 207.000000
290.000000 173.000000
290.000000 141.000000
285.000000 107.000000
272.000000 75.000000
249.000000 48.000000
173.000000 132.000000
157.000000 125.000000
142.000000 121.000000
127.000000 120.000000
112.000000 123.000000
113.000000 131.000000
127.000000 130.000000
141.000000 131.000000
154.000000 135.000000
168.000000 140.000000
275.000000 147.000000
264.000000 142.000000
252.000000 141.000000
239.000000 141.000000
226.000000 143.000000
227.000000 151.000000
239.000000 150.000000
251.000000 150.000000
263.000000 151.000000
275.000000 156.000000
168.000000 165.000000
160.000000 154.000000
147.000000 149.000000
135.000000 148.000000
124.000000 154.000000
133.000000 161.000000
145.000000 165.000000
156.000000 166.000000
261.000000 172.000000
253.000000 165.000000
242.000000 162.000000
230.000000 165.000000
222.000000 171.000000
231.000000 177.000000
243.000000 179.000000
253.000000 177.000000
144.000000 156.000000
241.000000 170.000000
183.000000 164.000000
177.000000 181.000000
171.000000 196.000000
163.000000 211.000000
156.000000 226.000000
168.000000 238.000000
184.000000 246.000000
201.000000 243.000000
213.000000 235.000000
212.000000 220.000000
210.000000 204.000000
208.000000 186.000000
209.000000 168.000000
219.000000 267.000000
204.000000 265.000000
192.000000 261.000000
181.000000 264.000000
168.000000 259.000000
152.000000 258.000000
135.000000 255.000000
146.000000 269.000000
157.000000 279.000000
170.000000 285.000000
184.000000 286.000000
196.000000 283.000000
207.000000 276.000000
