176.000000 51.000000
142.000000 60.000000
112.000000 80.000000
90.000000 108.000000
77.000000 142.000000
75.000000 177.000000
80.000000 215.000000
89.000000 252.000000
104.000000 286.000000
132.000000 312.000000
167.000000 331.000000
209.000000 336.000000
248.000000 313.000000
269.000000 288.000000
289.000000 260.000000
299.000000 226.000000
303.000000 189.000000
302.000000 152.000000
293.000000 117.000000
273.000000 87.000000
245.000000 65.000000
212.000000 52.000000
162.000000 129.000000
145.000000 126.000000
129.000000 124.000000
114.000000 123.000000
100.000000 131.000000
103.000000 141.000000
116.000000 138.000000
131.000000 138.000000
146.000000 139.000000
161.000000 141.000000
276.000000 117.000000
263.000000 112.000000
249.000000 114.000000
235.000000 118.000000
222.000000 124.000000
226.000000 135.000000
239.000000 130.000000
252.000000 126.000000
264.000000 125.000000
276.000000 126.000000
166.000000 164.000000
155.000000 155.000000
142.000000 151.000000
129.000000 153.000000
119.000000 161.000000
129.000000 167.000000
140.000000 168.000000
152.000000 167.000000
264.000000 145.000000
252.000000 140.000000
239.000000 140.000000
229.000000 146.000000
221.000000 156.000000
233.000000 158.000000
246.000000 157.000000
258.000000 153.000000
138.000000 158.000000
243.000000 148.000000
179.000000 157.000000
176.000000 174.000000
173.000000 191.000000
167.000000 210.000000
167.000000 223.000000
183.000000 229.000000
200.000000 232.000000
219.000000 226.000000
231.000000 218.000000
229.000000 202.000000
220.000000 187.000000
213.000000 172.000000
208.000000 154.000000
253.000000 247.000000
238.000000 247.000000
220.000000 252.000000
201.000000 252.000000
179.000000 253.000000
166.000000 252.000000
152.000000 265.000000
170.000000 278.000000
183.000000 280.000000
198.000000 282.000000
210.000000 280.000000
223.000000 276.000000
235.000000 268.000000
