162.000000 51.000000
124.000000 54.000000
76.000000 70.000000
59.000000 108.000000
66.000000 146.000000
63.000000 179.000000
69.000000 213.000000
77.000000 246.000000
88.000000 278.000000
111.000000 304.000000
138.000000 328.000000
174.000000 342.000000
216.000000 325.000000
244.000000 298.000000
264.000000 269.000000
273.000000 237.000000
281.000000 199.000000
278.000000 164.000000
270.000000 131.000000
265.000000 100.000000
243.000000 70.000000
209.000000 53.000000
135.000000 147.000000
120.000000 143.000000
105.000000 140.000000
91.000000 140.000000
80.000000 146.000000
83.000000 153.000000
94.000000 150.000000
106.000000 151.000000
120.000000 153.000000
133.000000 156.000000
247.000000 134.000000
234.000000 129.000000
219.000000 129.000000
205.000000 133.000000
191.000000 140.000000
193.000000 148.000000
207.000000 143.000000
221.000000 139.000000
233.000000 137.000000
244.000000 140.000000
141.000000 176.000000
132.000000 166.000000
120.000000 162.000000
108.000000 164.000000
93.000000 172.000000
107.000000 177.000000
118.000000 179.000000
129.000000 180.000000
232.000000 164.000000
223.000000 157.000000
210.000000 157.000000
200.000000 161.000000
192.000000 171.000000
203.000000 173.000000
214.000000 173.000000
225.000000 170.000000
118.000000 169.000000
212.000000 164.000000
153.000000 171.000000
151.000000 188.000000
148.000000 205.000000
142.000000 221.000000
138.000000 237.000000
152.000000 243.000000
170.000000 248.000000
187.000000 241.000000
200.000000 230.000000
194.000000 217.000000
187.000000 204.000000
181.000000 187.000000
177.000000 170.000000
213.000000 267.000000
197.000000 265.000000
183.000000 264.000000
171.000000 268.000000
160.000000 265.000000
147.000000 268.000000
132.000000 272.000000
143.000000 282.000000
153.000000 289.000000
167.000000 293.000000
180.000000 292.000000
194.000000 286.000000
205.000000 278.000000
