173.000000 48.000000
137.000000 50.000000
101.000000 67.000000
88.000000 96.000000
75.000000 127.000000
71.000000 160.000000
68.000000 195.000000
70.000000 230.000000
79.000000 262.000000
95.000000 297.000000
122.000000 320.000000
188.000000 346.000000
252.000000 323.000000
265.000000 288.000000
285.000000 255.000000
296.000000 215.000000
293.000000 181.000000
289.000000 149.000000
278.000000 117.000000
262.000000 88.000000
241.000000 60.000000
206.000000 52.000000
157.000000 122.000000
141.000000 119.000000
126.000000 117.000000
112.000000 118.000000
100.000000 124.000000
102.000000 131.000000
115.000000 128.000000
127.000000 128.000000
141.000000 128.000000
155.000000 131.000000
263.000000 116.000000
251.000000 112.000000
238.000000 112.000000
224.000000 116.000000
211.000000 120.000000
213.000000 129.000000
227.000000 125.000000
240.000000 122.000000
252.000000 121.000000
262.000000 123.000000
155.000000 155.000000
146.000000 148.000000
132.000000 143.000000
119.000000 149.000000
108.000000 159.000000
121.000000 160.000000
134.000000 158.000000
145.000000 156.000000
261.000000 149.000000
247.000000 139.000000
235.000000 137.000000
221.000000 142.000000
214.000000 150.000000
223.000000 151.000000
236.000000 151.000000
247.000000 150.000000
133.000000 151.000000
231.000000 144.000000
169.000000 151.000000
167.000000 167.000000
164.000000 183.000000
158.000000 198.000000
154.000000 213.000000
168.000000 222.000000
190.000000 227.000000
209.000000 220.000000
222.000000 210.000000
217.000000 196.000000
210.000000 180.000000
206.000000 167.000000
202.000000 149.000000
240.000000 242.000000
218.000000 239.000000
203.000000 237.000000
191.000000 241.000000
179.000000 239.000000
164.000000 243.000000
140.000000 248.000000
152.000000 262.000000
168.000000 272.000000
184.000000 274.000000
199.000000 274.000000
213.000000 267.000000
225.000000 258.000000
