181.000000 26.000000
141.000000 31.000000
107.000000 58.000000
89.000000 90.000000
78.000000 123.000000
73.000000 158.000000
72.000000 194.000000
75.000000 231.000000
85.000000 267.000000
106.000000 299.000000
137.000000 324.000000
178.000000 337.000000
223.000000 328.000000
253.000000 300.000000
273.000000 270.000000
283.000000 232.000000
285.000000 194.000000
284.000000 161.000000
283.000000 124.000000
278.000000 92.000000
262.000000 59.000000
223.000000 26.000000
154.000000 116.000000
140.000000 111.000000
125.000000 108.000000
110.000000 108.000000
96.000000 115.000000
97.000000 123.000000
111.000000 119.000000
126.000000 120.000000
140.000000 123.000000
152.000000 127.000000
273.000000 118.000000
262.000000 110.000000
247.000000 107.000000
230.000000 110.000000
216.000000 117.000000
221.000000 129.000000
233.000000 121.000000
247.000000 119.000000
261.000000 120.000000
272.000000 124.000000
151.000000 158.000000
143.000000 147.000000
129.000000 142.000000
116.000000 144.000000
103.000000 153.000000
114.000000 161.000000
127.000000 160.000000
138.000000 160.000000
266.000000 158.000000
249.000000 147.000000
233.000000 144.000000
222.000000 148.000000
213.000000 158.000000
224.000000 161.000000
236.000000 163.000000
249.000000 160.000000
128.000000 151.000000
233.000000 154.000000
165.000000 151.000000
163.000000 168.000000
158.000000 185.000000
152.000000 201.000000
147.000000 217.000000
164.000000 225.000000
182.000000 231.000000
201.000000 225.000000
218.000000 215.000000
212.000000 199.000000
205.000000 185.000000
200.000000 167.000000
197.000000 151.000000
230.000000 252.000000
212.000000 250.000000
197.000000 242.000000
184.000000 247.000000
164.000000 242.000000
149.000000 244.000000
128.000000 253.000000
145.000000 267.000000
158.000000 275.000000
173.000000 280.000000
189.000000 280.000000
204.000000 276.000000
218.000000 269.000000
