177.000000 77.000000
150.000000 81.000000
125.000000 94.000000
106.000000 113.000000
93.000000 138.000000
89.000000 165.000000
93.000000 195.000000
98.000000 225.000000
106.000000 254.000000
122.000000 278.000000
144.000000 299.000000
176.000000 311.000000
207.000000 298.000000
230.000000 278.000000
247.000000 252.000000
255.000000 225.000000
261.000000 195.000000
266.000000 165.000000
261.000000 138.000000
252.000000 106.000000
232.000000 86.000000
204.000000 81.000000
155.000000 148.000000
142.000000 144.000000
128.000000 141.000000
114.000000 139.000000
103.000000 143.000000
105.000000 149.000000
115.000000 147.000000
128.000000 150.000000
142.000000 153.000000
154.000000 157.000000
251.000000 142.000000
239.000000 139.000000
228.000000 141.000000
216.000000 143.000000
203.000000 147.000000
204.000000 155.000000
217.000000 152.000000
229.000000 149.000000
240.000000 147.000000
249.000000 147.000000
156.000000 170.000000
149.000000 162.000000
139.000000 158.000000
128.000000 160.000000
113.000000 169.000000
127.000000 171.000000
136.000000 174.000000
145.000000 173.000000
243.000000 167.000000
230.000000 160.000000
219.000000 158.000000
209.000000 162.000000
201.000000 170.000000
210.000000 173.000000
221.000000 174.000000
230.000000 172.000000
137.000000 165.000000
219.000000 165.000000
166.000000 169.000000
164.000000 183.000000
161.000000 196.000000
158.000000 210.000000
155.000000 223.000000
165.000000 230.000000
177.000000 234.000000
190.000000 231.000000
200.000000 223.000000
197.000000 210.000000
194.000000 197.000000
192.000000 184.000000
190.000000 169.000000
213.000000 252.000000
199.000000 252.000000
188.000000 250.000000
178.000000 253.000000
169.000000 250.000000
156.000000 253.000000
142.000000 254.000000
152.000000 265.000000
162.000000 270.000000
173.000000 273.000000
183.000000 273.000000
193.000000 269.000000
202.000000 263.000000
