174.000000 38.000000
132.000000 47.000000
111.000000 68.000000
96.000000 100.000000
85.000000 138.000000
83.000000 168.000000
85.000000 201.000000
90.000000 230.000000
99.000000 259.000000
117.000000 283.000000
139.000000 304.000000
171.000000 318.000000
207.000000 305.000000
231.000000 284.000000
251.000000 257.000000
258.000000 227.000000
262.000000 198.000000
262.000000 166.000000
257.000000 139.000000
252.000000 102.000000
240.000000 66.000000
216.000000 48.000000
147.000000 143.000000
133.000000 138.000000
121.000000 138.000000
109.000000 141.000000
99.000000 146.000000
101.000000 151.000000
111.000000 147.000000
122.000000 145.000000
133.000000 147.000000
143.000000 149.000000
240.000000 143.000000
229.000000 139.000000
217.000000 138.000000
204.000000 140.000000
193.000000 145.000000
195.000000 151.000000
206.000000 147.000000
217.000000 145.000000
228.000000 145.000000
238.000000 148.000000
148.000000 176.000000
141.000000 167.000000
130.000000 162.000000
120.000000 165.000000
108.000000 170.000000
119.000000 176.000000
129.000000 178.000000
139.000000 178.000000
235.000000 172.000000
221.000000 165.000000
211.000000 164.000000
201.000000 168.000000
194.000000 175.000000
203.000000 178.000000
213.000000 178.000000
223.000000 175.000000
131.000000 170.000000
211.000000 171.000000
158.000000 172.000000
155.000000 188.000000
153.000000 203.000000
147.000000 215.000000
144.000000 229.000000
155.000000 236.000000
170.000000 241.000000
185.000000 236.000000
198.000000 227.000000
194.000000 214.000000
188.000000 202.000000
184.000000 187.000000
182.000000 171.000000
206.000000 257.000000
192.000000 257.000000
179.000000 255.000000
171.000000 258.000000
163.000000 255.000000
152.000000 258.000000
134.000000 256.000000
146.000000 270.000000
155.000000 278.000000
166.000000 282.000000
177.000000 282.000000
188.000000 277.000000
198.000000 268.000000
