178.000000 70.000000
148.000000 71.000000
122.000000 86.000000
106.000000 113.000000
93.000000 138.000000
89.000000 166.000000
90.000000 196.000000
95.000000 226.000000
105.000000 255.000000
123.000000 277.000000
146.000000 294.000000
178.000000 305.000000
209.000000 293.000000
233.000000 275.000000
253.000000 251.000000
261.000000 225.000000
265.000000 196.000000
268.000000 167.000000
264.000000 139.000000
251.000000 114.000000
235.000000 89.000000
210.000000 71.000000
157.000000 138.000000
144.000000 133.000000
131.000000 130.000000
118.000000 130.000000
107.000000 135.000000
109.000000 141.000000
119.000000 138.000000
132.000000 138.000000
144.000000 141.000000
156.000000 145.000000
247.000000 137.000000
236.000000 133.000000
224.000000 133.000000
212.000000 135.000000
202.000000 138.000000
204.000000 145.000000
215.000000 141.000000
226.000000 139.000000
237.000000 139.000000
245.000000 142.000000
155.000000 166.000000
147.000000 158.000000
138.000000 154.000000
128.000000 156.000000
120.000000 161.000000
125.000000 167.000000
135.000000 168.000000
145.000000 168.000000
237.000000 161.000000
229.000000 155.000000
219.000000 154.000000
210.000000 157.000000
202.000000 164.000000
212.000000 166.000000
222.000000 167.000000
231.000000 165.000000
137.000000 161.000000
220.000000 161.000000
165.000000 165.000000
162.000000 177.000000
158.000000 189.000000
153.000000 202.000000
153.000000 214.000000
166.000000 219.000000
178.000000 222.000000
193.000000 218.000000
205.000000 210.000000
202.000000 199.000000
197.000000 188.000000
194.000000 176.000000
190.000000 164.000000
214.000000 239.000000
201.000000 234.000000
189.000000 231.000000
179.000000 234.000000
168.000000 232.000000
155.000000 236.000000
142.000000 241.000000
151.000000 253.000000
160.000000 260.000000
173.000000 264.000000
185.000000 264.000000
196.000000 259.000000
206.000000 250.000000
