177.000000 23.000000
134.000000 33.000000
99.000000 53.000000
71.000000 89.000000
71.000000 133.000000
66.000000 169.000000
71.000000 207.000000
81.000000 240.000000
95.000000 275.000000
118.000000 304.000000
147.000000 328.000000
187.000000 337.000000
223.000000 322.000000
253.000000 295.000000
272.000000 265.000000
284.000000 232.000000
293.000000 199.000000
298.000000 163.000000
291.000000 127.000000
284.000000 93.000000
256.000000 57.000000
226.000000 31.000000
151.000000 129.000000
137.000000 124.000000
122.000000 120.000000
107.000000 121.000000
92.000000 124.000000
94.000000 132.000000
108.000000 131.000000
122.000000 132.000000
135.000000 135.000000
148.000000 139.000000
269.000000 120.000000
254.000000 115.000000
239.000000 116.000000
224.000000 119.000000
209.000000 125.000000
212.000000 134.000000
226.000000 130.000000
241.000000 127.000000
254.000000 126.000000
267.000000 127.000000
152.000000 169.000000
144.000000 157.000000
130.000000 151.000000
113.000000 156.000000
101.000000 164.000000
115.000000 169.000000
129.000000 172.000000
142.000000 172.000000
261.000000 158.000000
247.000000 152.000000
229.000000 149.000000
218.000000 156.000000
210.000000 166.000000
221.000000 170.000000
234.000000 170.000000
246.000000 166.000000
130.000000 161.000000
232.000000 159.000000
166.000000 164.000000
165.000000 184.000000
162.000000 202.000000
156.000000 218.000000
151.000000 234.000000
165.000000 244.000000
183.000000 249.000000
200.000000 243.000000
213.000000 232.000000
207.000000 217.000000
202.000000 202.000000
198.000000 183.000000
195.000000 163.000000
220.000000 269.000000
205.000000 266.000000
193.000000 265.000000
183.000000 269.000000
172.000000 265.000000
159.000000 269.000000
147.000000 270.000000
155.000000 280.000000
166.000000 286.000000
178.000000 289.000000
191.000000 289.000000
202.000000 284.000000
210.000000 277.000000
