189.000000 65.000000
161.000000 71.000000
135.000000 84.000000
115.000000 106.000000
103.000000 132.000000
94.000000 160.000000
93.000000 193.000000
103.000000 228.000000
117.000000 256.000000
141.000000 280.000000
166.000000 296.000000
199.000000 305.000000
234.000000 291.000000
253.000000 266.000000
266.000000 240.000000
274.000000 212.000000
276.000000 184.000000
274.000000 158.000000
272.000000 124.000000
266.000000 101.000000
245.000000 81.000000
218.000000 69.000000
171.000000 133.000000
161.000000 131.000000
150.000000 130.000000
139.000000 129.000000
129.000000 134.000000
131.000000 139.000000
140.000000 137.000000
150.000000 138.000000
161.000000 140.000000
171.000000 142.000000
267.000000 128.000000
255.000000 125.000000
243.000000 126.000000
232.000000 130.000000
222.000000 134.000000
225.000000 141.000000
234.000000 138.000000
244.000000 134.000000
256.000000 133.000000
266.000000 134.000000
174.000000 167.000000
169.000000 160.000000
159.000000 154.000000
148.000000 156.000000
139.000000 164.000000
148.000000 169.000000
156.000000 171.000000
165.000000 170.000000
256.000000 158.000000
246.000000 151.000000
236.000000 152.000000
227.000000 157.000000
224.000000 166.000000
230.000000 168.000000
240.000000 168.000000
250.000000 165.000000
155.000000 162.000000
237.000000 160.000000
188.000000 166.000000
188.000000 179.000000
187.000000 194.000000
184.000000 210.000000
179.000000 220.000000
195.000000 230.000000
208.000000 232.000000
217.000000 230.000000
227.000000 220.000000
222.000000 207.000000
217.000000 194.000000
214.000000 179.000000
212.000000 164.000000
231.000000 251.000000
219.000000 247.000000
208.000000 246.000000
200.000000 248.000000
190.000000 246.000000
178.000000 249.000000
166.000000 251.000000
175.000000 261.000000
182.000000 268.000000
194.000000 272.000000
206.000000 272.000000
217.000000 267.000000
225.000000 260.000000
