183.000000 72.000000
138.000000 75.000000
110.000000 94.000000
94.000000 121.000000
80.000000 151.000000
78.000000 182.000000
80.000000 217.000000
84.000000 252.000000
94.000000 285.000000
114.000000 311.000000
141.000000 331.000000
179.000000 341.000000
212.000000 332.000000
239.000000 312.000000
261.000000 286.000000
270.000000 256.000000
276.000000 224.000000
283.000000 188.000000
279.000000 156.000000
269.000000 125.000000
260.000000 94.000000
226.000000 77.000000
158.000000 153.000000
145.000000 148.000000
131.000000 145.000000
116.000000 144.000000
102.000000 150.000000
104.000000 156.000000
117.000000 153.000000
131.000000 155.000000
144.000000 159.000000
156.000000 162.000000
260.000000 154.000000
248.000000 149.000000
235.000000 148.000000
221.000000 150.000000
209.000000 154.000000
211.000000 163.000000
223.000000 159.000000
235.000000 157.000000
248.000000 156.000000
257.000000 159.000000
157.000000 189.000000
149.000000 179.000000
138.000000 175.000000
126.000000 176.000000
117.000000 182.000000
125.000000 188.000000
136.000000 191.000000
146.000000 191.000000
246.000000 184.000000
237.000000 178.000000
226.000000 176.000000
215.000000 180.000000
207.000000 189.000000
217.000000 192.000000
228.000000 193.000000
239.000000 190.000000
136.000000 182.000000
226.000000 185.000000
170.000000 185.000000
167.000000 201.000000
164.000000 214.000000
159.000000 228.000000
154.000000 242.000000
165.000000 251.000000
180.000000 256.000000
195.000000 252.000000
207.000000 243.000000
203.000000 229.000000
199.000000 215.000000
196.000000 202.000000
195.000000 186.000000
214.000000 281.000000
201.000000 277.000000
190.000000 274.000000
180.000000 276.000000
170.000000 273.000000
157.000000 277.000000
142.000000 280.000000
151.000000 290.000000
161.000000 297.000000
174.000000 300.000000
186.000000 301.000000
197.000000 297.000000
206.000000 290.000000
