160.000000 75.000000
127.000000 72.000000
88.000000 86.000000
74.000000 112.000000
72.000000 149.000000
72.000000 178.000000
76.000000 212.000000
86.000000 240.000000
98.000000 267.000000
115.000000 289.000000
137.000000 309.000000
168.000000 318.000000
201.000000 308.000000
228.000000 287.000000
246.000000 263.000000
255.000000 236.000000
261.000000 208.000000
265.000000 174.000000
267.000000 142.000000
258.000000 105.000000
234.000000 79.000000
200.000000 67.000000
136.000000 152.000000
123.000000 149.000000
111.000000 147.000000
98.000000 147.000000
87.000000 151.000000
90.000000 157.000000
100.000000 155.000000
111.000000 156.000000
122.000000 158.000000
134.000000 160.000000
237.000000 148.000000
226.000000 144.000000
213.000000 144.000000
199.000000 146.000000
184.000000 150.000000
186.000000 158.000000
200.000000 155.000000
213.000000 152.000000
225.000000 151.000000
235.000000 153.000000
137.000000 181.000000
131.000000 172.000000
121.000000 167.000000
111.000000 169.000000
102.000000 175.000000
110.000000 182.000000
119.000000 184.000000
128.000000 184.000000
223.000000 176.000000
214.000000 168.000000
202.000000 166.000000
192.000000 171.000000
186.000000 182.000000
192.000000 185.000000
205.000000 186.000000
215.000000 182.000000
121.000000 176.000000
203.000000 174.000000
148.000000 179.000000
147.000000 195.000000
146.000000 208.000000
142.000000 220.000000
137.000000 235.000000
144.000000 241.000000
163.000000 246.000000
174.000000 240.000000
186.000000 232.000000
181.000000 220.000000
176.000000 206.000000
173.000000 192.000000
172.000000 175.000000
197.000000 261.000000
182.000000 260.000000
171.000000 258.000000
163.000000 261.000000
155.000000 259.000000
144.000000 262.000000
132.000000 265.000000
141.000000 273.000000
149.000000 279.000000
160.000000 282.000000
170.000000 281.000000
179.000000 277.000000
188.000000 271.000000
