172.000000 0.000000
128.000000 18.000000
94.000000 37.000000
72.000000 71.000000
56.000000 106.000000
51.000000 144.000000
57.000000 185.000000
64.000000 224.000000
79.000000 264.000000
98.000000 297.000000
125.000000 326.000000
170.000000 339.000000
214.000000 326.000000
252.000000 296.000000
277.000000 259.000000
289.000000 220.000000
295.000000 181.000000
298.000000 138.000000
291.000000 100.000000
274.000000 59.000000
250.000000 28.000000
213.000000 9.000000
140.000000 103.000000
122.000000 97.000000
105.000000 93.000000
88.000000 92.000000
73.000000 99.000000
75.000000 106.000000
90.000000 103.000000
105.000000 105.000000
121.000000 109.000000
136.000000 114.000000
269.000000 100.000000
254.000000 93.000000
236.000000 92.000000
219.000000 95.000000
199.000000 100.000000
201.000000 111.000000
221.000000 106.000000
238.000000 102.000000
253.000000 102.000000
266.000000 106.000000
135.000000 144.000000
127.000000 132.000000
115.000000 126.000000
101.000000 127.000000
89.000000 134.000000
96.000000 143.000000
111.000000 147.000000
125.000000 146.000000
249.000000 134.000000
238.000000 127.000000
224.000000 126.000000
211.000000 131.000000
200.000000 141.000000
213.000000 145.000000
228.000000 146.000000
241.000000 143.000000
113.000000 135.000000
227.000000 135.000000
150.000000 139.000000
147.000000 160.000000
143.000000 179.000000
138.000000 197.000000
132.000000 218.000000
147.000000 228.000000
165.000000 235.000000
183.000000 228.000000
198.000000 217.000000
193.000000 199.000000
188.000000 180.000000
184.000000 160.000000
183.000000 139.000000
210.000000 261.000000
194.000000 259.000000
180.000000 254.000000
166.000000 259.000000
152.000000 255.000000
138.000000 258.000000
124.000000 261.000000
133.000000 274.000000
144.000000 283.000000
160.000000 288.000000
176.000000 288.000000
189.000000 282.000000
200.000000 273.000000
