179.000000 29.000000
133.000000 48.000000
106.000000 74.000000
88.000000 105.000000
73.000000 136.000000
72.000000 170.000000
82.000000 209.000000
84.000000 239.000000
99.000000 269.000000
119.000000 297.000000
144.000000 320.000000
179.000000 332.000000
213.000000 321.000000
242.000000 295.000000
262.000000 267.000000
276.000000 236.000000
285.000000 201.000000
290.000000 167.000000
284.000000 133.000000
276.000000 92.000000
258.000000 61.000000
224.000000 43.000000
150.000000 135.000000
135.000000 130.000000
120.000000 127.000000
106.000000 128.000000
92.000000 137.000000
94.000000 143.000000
107.000000 138.000000
120.000000 138.000000
132.000000 141.000000
147.000000 145.000000
266.000000 129.000000
252.000000 128.000000
237.000000 126.000000
221.000000 129.000000
211.000000 136.000000
215.000000 145.000000
224.000000 140.000000
238.000000 136.000000
251.000000 136.000000
263.000000 140.000000
147.000000 177.000000
139.000000 165.000000
126.000000 158.000000
112.000000 159.000000
97.000000 170.000000
112.000000 176.000000
125.000000 179.000000
137.000000 178.000000
263.000000 170.000000
241.000000 160.000000
229.000000 158.000000
217.000000 164.000000
209.000000 175.000000
221.000000 179.000000
234.000000 179.000000
247.000000 176.000000
124.000000 167.000000
229.000000 168.000000
163.000000 169.000000
161.000000 188.000000
158.000000 204.000000
151.000000 220.000000
144.000000 239.000000
157.000000 248.000000
176.000000 255.000000
195.000000 248.000000
208.000000 239.000000
203.000000 223.000000
198.000000 206.000000
194.000000 188.000000
193.000000 170.000000
209.000000 276.000000
196.000000 275.000000
185.000000 272.000000
176.000000 276.000000
164.000000 272.000000
154.000000 275.000000
141.000000 276.000000
148.000000 285.000000
158.000000 293.000000
170.000000 297.000000
184.000000 297.000000
195.000000 293.000000
204.000000 286.000000
