168.000000 61.000000
132.000000 68.000000
91.000000 79.000000
75.000000 111.000000
62.000000 142.000000
61.000000 178.000000
68.000000 213.000000
79.000000 249.000000
91.000000 276.000000
116.000000 301.000000
139.000000 326.000000
177.000000 333.000000
211.000000 326.000000
239.000000 306.000000
263.000000 279.000000
281.000000 250.000000
288.000000 211.000000
294.000000 176.000000
296.000000 136.000000
272.000000 102.000000
242.000000 75.000000
203.000000 63.000000
144.000000 151.000000
128.000000 144.000000
110.000000 140.000000
94.000000 138.000000
80.000000 144.000000
82.000000 151.000000
95.000000 149.000000
110.000000 151.000000
126.000000 155.000000
141.000000 159.000000
260.000000 145.000000
246.000000 139.000000
231.000000 141.000000
215.000000 145.000000
199.000000 151.000000
201.000000 158.000000
218.000000 155.000000
233.000000 151.000000
246.000000 149.000000
257.000000 150.000000
142.000000 184.000000
133.000000 173.000000
121.000000 168.000000
108.000000 169.000000
98.000000 176.000000
108.000000 183.000000
118.000000 187.000000
129.000000 186.000000
242.000000 175.000000
233.000000 169.000000
220.000000 167.000000
210.000000 173.000000
202.000000 181.000000
212.000000 186.000000
226.000000 187.000000
237.000000 183.000000
118.000000 177.000000
221.000000 177.000000
156.000000 180.000000
153.000000 197.000000
149.000000 213.000000
144.000000 232.000000
138.000000 247.000000
151.000000 256.000000
168.000000 263.000000
187.000000 254.000000
204.000000 245.000000
199.000000 230.000000
189.000000 216.000000
185.000000 200.000000
185.000000 180.000000
213.000000 275.000000
198.000000 276.000000
185.000000 275.000000
174.000000 279.000000
162.000000 277.000000
148.000000 279.000000
135.000000 281.000000
146.000000 291.000000
156.000000 296.000000
171.000000 300.000000
181.000000 296.000000
193.000000 293.000000
203.000000 286.000000
