183.000000 69.000000
154.000000 69.000000
121.000000 83.000000
104.000000 107.000000
89.000000 133.000000
83.000000 162.000000
83.000000 194.000000
88.000000 223.000000
98.000000 251.000000
116.000000 275.000000
139.000000 295.000000
171.000000 307.000000
202.000000 299.000000
225.000000 280.000000
246.000000 259.000000
258.000000 232.000000
266.000000 203.000000
271.000000 173.000000
268.000000 144.000000
256.000000 117.000000
237.000000 95.000000
211.000000 80.000000
157.000000 140.000000
144.000000 135.000000
130.000000 131.000000
116.000000 130.000000
103.000000 136.000000
105.000000 142.000000
117.000000 139.000000
130.000000 140.000000
142.000000 143.000000
154.000000 147.000000
253.000000 144.000000
240.000000 138.000000
226.000000 135.000000
212.000000 137.000000
201.000000 142.000000
204.000000 149.000000
215.000000 146.000000
227.000000 144.000000
240.000000 146.000000
251.000000 150.000000
151.000000 170.000000
145.000000 162.000000
136.000000 156.000000
126.000000 157.000000
117.000000 161.000000
122.000000 167.000000
133.000000 170.000000
143.000000 170.000000
236.000000 166.000000
228.000000 161.000000
218.000000 161.000000
209.000000 164.000000
202.000000 171.000000
211.000000 173.000000
221.000000 174.000000
230.000000 171.000000
134.000000 163.000000
219.000000 167.000000
165.000000 168.000000
161.000000 184.000000
158.000000 199.000000
152.000000 212.000000
146.000000 226.000000
158.000000 234.000000
174.000000 239.000000
191.000000 235.000000
204.000000 227.000000
200.000000 214.000000
196.000000 201.000000
192.000000 185.000000
191.000000 169.000000
206.000000 256.000000
193.000000 254.000000
182.000000 252.000000
173.000000 254.000000
164.000000 251.000000
153.000000 253.000000
138.000000 254.000000
145.000000 264.000000
154.000000 271.000000
166.000000 275.000000
178.000000 276.000000
190.000000 272.000000
199.000000 266.000000
