180.000000 87.000000
148.000000 97.000000
121.000000 110.000000
99.000000 131.000000
85.000000 157.000000
80.000000 187.000000
82.000000 221.000000
90.000000 252.000000
101.000000 280.000000
120.000000 303.000000
145.000000 319.000000
176.000000 326.000000
204.000000 317.000000
226.000000 300.000000
246.000000 279.000000
258.000000 253.000000
266.000000 223.000000
273.000000 191.000000
268.000000 161.000000
258.000000 133.000000
237.000000 111.000000
210.000000 95.000000
151.000000 162.000000
139.000000 158.000000
127.000000 155.000000
114.000000 156.000000
103.000000 160.000000
105.000000 165.000000
115.000000 162.000000
126.000000 162.000000
137.000000 165.000000
148.000000 169.000000
251.000000 163.000000
240.000000 159.000000
228.000000 159.000000
215.000000 161.000000
204.000000 165.000000
206.000000 170.000000
217.000000 167.000000
228.000000 165.000000
239.000000 165.000000
247.000000 167.000000
152.000000 192.000000
146.000000 181.000000
135.000000 176.000000
124.000000 178.000000
116.000000 184.000000
122.000000 191.000000
132.000000 194.000000
142.000000 195.000000
238.000000 187.000000
230.000000 179.000000
218.000000 177.000000
208.000000 182.000000
201.000000 191.000000
211.000000 195.000000
222.000000 196.000000
232.000000 193.000000
134.000000 185.000000
218.000000 186.000000
164.000000 190.000000
162.000000 205.000000
160.000000 218.000000
155.000000 231.000000
150.000000 244.000000
162.000000 250.000000
177.000000 255.000000
191.000000 251.000000
202.000000 244.000000
197.000000 232.000000
193.000000 220.000000
191.000000 206.000000
190.000000 191.000000
206.000000 275.000000
195.000000 273.000000
185.000000 270.000000
176.000000 273.000000
167.000000 271.000000
155.000000 274.000000
143.000000 276.000000
151.000000 284.000000
159.000000 290.000000
171.000000 292.000000
182.000000 292.000000
190.000000 288.000000
198.000000 283.000000
