180.000000 62.000000
151.000000 67.000000
125.000000 81.000000
105.000000 102.000000
92.000000 129.000000
88.000000 158.000000
89.000000 190.000000
95.000000 219.000000
105.000000 248.000000
127.000000 270.000000
152.000000 287.000000
184.000000 294.000000
218.000000 283.000000
243.000000 265.000000
261.000000 242.000000
269.000000 214.000000
275.000000 185.000000
276.000000 154.000000
271.000000 125.000000
257.000000 99.000000
235.000000 79.000000
209.000000 66.000000
161.000000 131.000000
150.000000 127.000000
138.000000 124.000000
125.000000 124.000000
114.000000 131.000000
117.000000 137.000000
127.000000 133.000000
138.000000 134.000000
149.000000 136.000000
159.000000 139.000000
253.000000 126.000000
241.000000 120.000000
228.000000 120.000000
215.000000 123.000000
202.000000 129.000000
206.000000 136.000000
217.000000 132.000000
229.000000 129.000000
241.000000 128.000000
251.000000 131.000000
159.000000 162.000000
153.000000 153.000000
142.000000 149.000000
132.000000 151.000000
116.000000 160.000000
131.000000 162.000000
141.000000 164.000000
151.000000 163.000000
246.000000 154.000000
233.000000 147.000000
223.000000 146.000000
214.000000 151.000000
207.000000 158.000000
216.000000 161.000000
226.000000 161.000000
235.000000 158.000000
141.000000 156.000000
223.000000 153.000000
171.000000 157.000000
169.000000 171.000000
166.000000 185.000000
162.000000 197.000000
156.000000 211.000000
169.000000 216.000000
184.000000 219.000000
200.000000 215.000000
211.000000 208.000000
206.000000 196.000000
200.000000 183.000000
196.000000 171.000000
194.000000 156.000000
218.000000 236.000000
205.000000 234.000000
194.000000 233.000000
185.000000 236.000000
175.000000 234.000000
164.000000 237.000000
149.000000 238.000000
159.000000 246.000000
169.000000 250.000000
180.000000 252.000000
190.000000 252.000000
200.000000 249.000000
209.000000 244.000000
