190.000000 86.000000
159.000000 93.000000
132.000000 111.000000
115.000000 130.000000
105.000000 154.000000
105.000000 182.000000
109.000000 208.000000
115.000000 234.000000
125.000000 256.000000
141.000000 274.000000
161.000000 290.000000
186.000000 298.000000
212.000000 289.000000
230.000000 272.000000
245.000000 254.000000
253.000000 231.000000
258.000000 208.000000
261.000000 182.000000
258.000000 158.000000
253.000000 132.000000
237.000000 106.000000
214.000000 89.000000
165.000000 159.000000
154.000000 156.000000
144.000000 153.000000
133.000000 152.000000
122.000000 155.000000
123.000000 162.000000
133.000000 161.000000
144.000000 162.000000
154.000000 164.000000
163.000000 167.000000
244.000000 153.000000
234.000000 149.000000
224.000000 150.000000
213.000000 153.000000
202.000000 158.000000
204.000000 165.000000
215.000000 161.000000
224.000000 159.000000
234.000000 158.000000
242.000000 158.000000
163.000000 182.000000
158.000000 175.000000
150.000000 171.000000
141.000000 173.000000
134.000000 178.000000
139.000000 184.000000
148.000000 186.000000
157.000000 185.000000
232.000000 176.000000
226.000000 171.000000
216.000000 170.000000
208.000000 174.000000
203.000000 182.000000
210.000000 184.000000
219.000000 184.000000
227.000000 182.000000
150.000000 178.000000
217.000000 177.000000
173.000000 179.000000
172.000000 192.000000
169.000000 204.000000
166.000000 216.000000
163.000000 227.000000
173.000000 234.000000
185.000000 237.000000
197.000000 234.000000
207.000000 227.000000
204.000000 216.000000
200.000000 204.000000
197.000000 193.000000
195.000000 179.000000
211.000000 252.000000
201.000000 249.000000
192.000000 246.000000
184.000000 249.000000
178.000000 247.000000
168.000000 250.000000
157.000000 252.000000
164.000000 259.000000
171.000000 265.000000
181.000000 269.000000
190.000000 269.000000
199.000000 266.000000
206.000000 260.000000
