185.000000 72.000000
157.000000 75.000000
130.000000 87.000000
109.000000 106.000000
95.000000 131.000000
89.000000 159.000000
92.000000 191.000000
95.000000 221.000000
104.000000 249.000000
122.000000 273.000000
145.000000 293.000000
178.000000 303.000000
211.000000 295.000000
236.000000 276.000000
254.000000 254.000000
263.000000 226.000000
269.000000 200.000000
271.000000 168.000000
268.000000 140.000000
257.000000 114.000000
238.000000 92.000000
213.000000 78.000000
162.000000 133.000000
150.000000 129.000000
139.000000 127.000000
128.000000 127.000000
115.000000 129.000000
116.000000 138.000000
129.000000 139.000000
139.000000 139.000000
149.000000 140.000000
158.000000 143.000000
252.000000 136.000000
242.000000 131.000000
232.000000 131.000000
220.000000 133.000000
208.000000 136.000000
209.000000 145.000000
221.000000 144.000000
232.000000 143.000000
242.000000 142.000000
250.000000 143.000000
159.000000 164.000000
154.000000 156.000000
145.000000 151.000000
135.000000 152.000000
125.000000 156.000000
131.000000 163.000000
141.000000 166.000000
151.000000 166.000000
240.000000 163.000000
233.000000 157.000000
222.000000 155.000000
212.000000 159.000000
204.000000 166.000000
214.000000 169.000000
224.000000 170.000000
233.000000 168.000000
142.000000 158.000000
222.000000 162.000000
169.000000 160.000000
166.000000 176.000000
161.000000 190.000000
156.000000 203.000000
151.000000 217.000000
163.000000 224.000000
180.000000 230.000000
197.000000 225.000000
209.000000 218.000000
205.000000 206.000000
200.000000 192.000000
197.000000 179.000000
194.000000 161.000000
217.000000 244.000000
201.000000 244.000000
189.000000 243.000000
179.000000 244.000000
172.000000 242.000000
159.000000 243.000000
141.000000 244.000000
153.000000 252.000000
163.000000 254.000000
174.000000 257.000000
184.000000 259.000000
194.000000 256.000000
205.000000 255.000000
