193.000000 59.000000
160.000000 66.000000
132.000000 82.000000
109.000000 106.000000
96.000000 136.000000
92.000000 169.000000
93.000000 206.000000
102.000000 240.000000
118.000000 272.000000
143.000000 297.000000
172.000000 315.000000
208.000000 321.000000
239.000000 306.000000
255.000000 281.000000
267.000000 255.000000
274.000000 223.000000
283.000000 189.000000
282.000000 161.000000
282.000000 129.000000
273.000000 102.000000
256.000000 77.000000
226.000000 63.000000
175.000000 134.000000
162.000000 129.000000
148.000000 127.000000
134.000000 127.000000
121.000000 133.000000
124.000000 140.000000
135.000000 137.000000
148.000000 138.000000
162.000000 141.000000
174.000000 145.000000
276.000000 127.000000
264.000000 123.000000
251.000000 124.000000
237.000000 128.000000
225.000000 135.000000
229.000000 144.000000
241.000000 138.000000
253.000000 134.000000
264.000000 133.000000
274.000000 134.000000
175.000000 174.000000
166.000000 164.000000
156.000000 160.000000
146.000000 161.000000
136.000000 167.000000
143.000000 174.000000
154.000000 176.000000
166.000000 176.000000
262.000000 160.000000
253.000000 155.000000
244.000000 155.000000
235.000000 160.000000
230.000000 168.000000
239.000000 171.000000
249.000000 172.000000
259.000000 168.000000
154.000000 167.000000
245.000000 164.000000
188.000000 167.000000
187.000000 184.000000
185.000000 199.000000
181.000000 213.000000
177.000000 228.000000
192.000000 236.000000
207.000000 239.000000
222.000000 234.000000
234.000000 225.000000
228.000000 211.000000
223.000000 199.000000
218.000000 182.000000
216.000000 165.000000
239.000000 261.000000
230.000000 254.000000
222.000000 250.000000
212.000000 256.000000
201.000000 251.000000
184.000000 259.000000
175.000000 269.000000
181.000000 278.000000
188.000000 281.000000
201.000000 285.000000
215.000000 284.000000
227.000000 278.000000
234.000000 271.000000
