134.000000 53.000000
102.000000 62.000000
74.000000 80.000000
52.000000 107.000000
52.000000 141.000000
54.000000 173.000000
58.000000 205.000000
65.000000 234.000000
70.000000 268.000000
86.000000 294.000000
113.000000 321.000000
160.000000 331.000000
202.000000 315.000000
230.000000 287.000000
259.000000 253.000000
275.000000 219.000000
274.000000 177.000000
259.000000 140.000000
244.000000 116.000000
226.000000 88.000000
199.000000 67.000000
168.000000 55.000000
120.000000 137.000000
101.000000 134.000000
89.000000 135.000000
81.000000 135.000000
72.000000 140.000000
77.000000 147.000000
84.000000 145.000000
92.000000 144.000000
99.000000 144.000000
116.000000 149.000000
225.000000 131.000000
212.000000 126.000000
199.000000 125.000000
188.000000 125.000000
172.000000 132.000000
176.000000 140.000000
189.000000 135.000000
200.000000 135.000000
214.000000 138.000000
224.000000 142.000000
114.000000 161.000000
107.000000 154.000000
96.000000 150.000000
86.000000 152.000000
78.000000 158.000000
86.000000 163.000000
96.000000 164.000000
105.000000 163.000000
215.000000 155.000000
198.000000 145.000000
186.000000 144.000000
175.000000 148.000000
167.000000 157.000000
178.000000 159.000000
190.000000 158.000000
200.000000 155.000000
95.000000 156.000000
188.000000 150.000000
126.000000 157.000000
124.000000 175.000000
120.000000 191.000000
114.000000 209.000000
117.000000 223.000000
129.000000 229.000000
145.000000 227.000000
160.000000 221.000000
174.000000 215.000000
172.000000 203.000000
164.000000 188.000000
158.000000 172.000000
153.000000 155.000000
188.000000 264.000000
173.000000 253.000000
160.000000 250.000000
148.000000 254.000000
135.000000 252.000000
125.000000 257.000000
113.000000 269.000000
123.000000 272.000000
133.000000 278.000000
145.000000 283.000000
158.000000 282.000000
170.000000 277.000000
180.000000 269.000000
