180.000000 12.000000
142.000000 21.000000
108.000000 46.000000
83.000000 78.000000
78.000000 114.000000
74.000000 147.000000
72.000000 184.000000
72.000000 223.000000
82.000000 262.000000
103.000000 294.000000
141.000000 313.000000
184.000000 323.000000
231.000000 314.000000
259.000000 284.000000
274.000000 250.000000
279.000000 212.000000
284.000000 179.000000
285.000000 144.000000
279.000000 111.000000
273.000000 71.000000
246.000000 39.000000
214.000000 23.000000
154.000000 103.000000
140.000000 100.000000
125.000000 99.000000
110.000000 102.000000
98.000000 110.000000
101.000000 119.000000
114.000000 115.000000
127.000000 113.000000
140.000000 113.000000
153.000000 115.000000
266.000000 105.000000
254.000000 98.000000
240.000000 96.000000
226.000000 98.000000
212.000000 104.000000
215.000000 114.000000
228.000000 110.000000
242.000000 108.000000
254.000000 109.000000
264.000000 114.000000
154.000000 144.000000
145.000000 134.000000
132.000000 129.000000
120.000000 133.000000
111.000000 140.000000
119.000000 146.000000
132.000000 147.000000
143.000000 146.000000
255.000000 137.000000
245.000000 128.000000
233.000000 126.000000
221.000000 130.000000
213.000000 140.000000
224.000000 143.000000
235.000000 143.000000
247.000000 141.000000
132.000000 138.000000
232.000000 135.000000
168.000000 141.000000
165.000000 158.000000
161.000000 174.000000
154.000000 187.000000
151.000000 202.000000
167.000000 213.000000
187.000000 217.000000
205.000000 212.000000
220.000000 199.000000
216.000000 185.000000
208.000000 172.000000
203.000000 158.000000
199.000000 140.000000
228.000000 239.000000
216.000000 231.000000
200.000000 229.000000
186.000000 232.000000
174.000000 227.000000
158.000000 231.000000
142.000000 240.000000
152.000000 254.000000
165.000000 262.000000
180.000000 267.000000
194.000000 267.000000
209.000000 261.000000
220.000000 252.000000
