127.000000 14.000000
94.000000 31.000000
67.000000 60.000000
48.000000 93.000000
42.000000 133.000000
50.000000 162.000000
62.000000 201.000000
76.000000 238.000000
90.000000 269.000000
111.000000 299.000000
139.000000 324.000000
191.000000 338.000000
238.000000 321.000000
265.000000 294.000000
282.000000 255.000000
289.000000 209.000000
281.000000 163.000000
274.000000 120.000000
267.000000 92.000000
251.000000 36.000000
219.000000 13.000000
171.000000 6.000000
127.000000 125.000000
110.000000 122.000000
93.000000 121.000000
77.000000 122.000000
66.000000 130.000000
70.000000 137.000000
81.000000 132.000000
95.000000 133.000000
111.000000 134.000000
129.000000 137.000000
235.000000 99.000000
221.000000 96.000000
208.000000 101.000000
194.000000 108.000000
180.000000 117.000000
183.000000 127.000000
199.000000 118.000000
212.000000 111.000000
224.000000 106.000000
235.000000 106.000000
131.000000 162.000000
120.000000 153.000000
107.000000 150.000000
95.000000 154.000000
87.000000 164.000000
96.000000 169.000000
109.000000 169.000000
120.000000 166.000000
226.000000 139.000000
216.000000 133.000000
203.000000 134.000000
193.000000 141.000000
186.000000 152.000000
198.000000 153.000000
210.000000 151.000000
221.000000 146.000000
106.000000 159.000000
205.000000 143.000000
144.000000 157.000000
143.000000 175.000000
141.000000 191.000000
139.000000 206.000000
140.000000 222.000000
155.000000 228.000000
173.000000 232.000000
187.000000 222.000000
197.000000 211.000000
192.000000 197.000000
185.000000 184.000000
178.000000 168.000000
172.000000 153.000000
231.000000 243.000000
212.000000 240.000000
186.000000 244.000000
175.000000 250.000000
164.000000 248.000000
149.000000 255.000000
130.000000 258.000000
144.000000 271.000000
158.000000 277.000000
174.000000 280.000000
188.000000 277.000000
207.000000 272.000000
221.000000 261.000000
