185.000000 48.000000
156.000000 56.000000
130.000000 72.000000
110.000000 99.000000
101.000000 129.000000
96.000000 157.000000
98.000000 190.000000
101.000000 223.000000
109.000000 255.000000
127.000000 280.000000
152.000000 300.000000
191.000000 313.000000
226.000000 299.000000
249.000000 279.000000
264.000000 252.000000
270.000000 222.000000
270.000000 191.000000
265.000000 159.000000
262.000000 126.000000
258.000000 101.000000
247.000000 77.000000
217.000000 56.000000
170.000000 132.000000
157.000000 128.000000
144.000000 125.000000
131.000000 126.000000
118.000000 131.000000
120.000000 136.000000
132.000000 133.000000
145.000000 134.000000
157.000000 137.000000
168.000000 140.000000
267.000000 136.000000
255.000000 131.000000
241.000000 130.000000
228.000000 133.000000
218.000000 137.000000
220.000000 143.000000
230.000000 140.000000
243.000000 138.000000
255.000000 138.000000
265.000000 141.000000
170.000000 160.000000
163.000000 152.000000
152.000000 147.000000
141.000000 149.000000
133.000000 154.000000
140.000000 159.000000
151.000000 161.000000
161.000000 161.000000
251.000000 157.000000
243.000000 151.000000
233.000000 150.000000
224.000000 154.000000
217.000000 161.000000
226.000000 163.000000
235.000000 164.000000
245.000000 162.000000
150.000000 154.000000
234.000000 157.000000
181.000000 160.000000
179.000000 174.000000
175.000000 187.000000
171.000000 201.000000
170.000000 214.000000
181.000000 221.000000
193.000000 225.000000
206.000000 222.000000
217.000000 214.000000
216.000000 201.000000
212.000000 189.000000
209.000000 175.000000
207.000000 160.000000
226.000000 246.000000
215.000000 243.000000
203.000000 240.000000
193.000000 243.000000
183.000000 240.000000
169.000000 243.000000
155.000000 245.000000
164.000000 256.000000
174.000000 264.000000
187.000000 269.000000
199.000000 270.000000
209.000000 264.000000
218.000000 257.000000
