169.000000 39.000000
136.000000 37.000000
97.000000 43.000000
62.000000 63.000000
63.000000 126.000000
68.000000 167.000000
77.000000 203.000000
87.000000 234.000000
102.000000 266.000000
117.000000 292.000000
140.000000 319.000000
173.000000 327.000000
207.000000 314.000000
228.000000 286.000000
245.000000 259.000000
257.000000 230.000000
265.000000 193.000000
278.000000 160.000000
278.000000 122.000000
275.000000 82.000000
251.000000 41.000000
217.000000 40.000000
137.000000 137.000000
121.000000 132.000000
104.000000 126.000000
94.000000 125.000000
80.000000 126.000000
85.000000 138.000000
97.000000 139.000000
104.000000 138.000000
117.000000 142.000000
134.000000 146.000000
259.000000 127.000000
246.000000 125.000000
226.000000 128.000000
211.000000 132.000000
195.000000 137.000000
196.000000 147.000000
213.000000 144.000000
228.000000 139.000000
246.000000 138.000000
259.000000 136.000000
136.000000 154.000000
131.000000 147.000000
117.000000 140.000000
103.000000 142.000000
92.000000 145.000000
102.000000 154.000000
112.000000 157.000000
123.000000 157.000000
245.000000 147.000000
234.000000 136.000000
216.000000 140.000000
206.000000 143.000000
198.000000 151.000000
209.000000 155.000000
222.000000 155.000000
234.000000 152.000000
113.000000 146.000000
222.000000 143.000000
149.000000 150.000000
149.000000 168.000000
145.000000 186.000000
141.000000 205.000000
136.000000 224.000000
148.000000 234.000000
166.000000 241.000000
183.000000 234.000000
197.000000 223.000000
192.000000 205.000000
187.000000 187.000000
183.000000 167.000000
182.000000 149.000000
205.000000 266.000000
189.000000 259.000000
177.000000 255.000000
166.000000 259.000000
155.000000 255.000000
143.000000 259.000000
133.000000 265.000000
142.000000 276.000000
149.000000 283.000000
162.000000 289.000000
176.000000 288.000000
187.000000 282.000000
196.000000 276.000000
