143.000000 87.000000
115.000000 89.000000
69.000000 100.000000
63.000000 132.000000
66.000000 165.000000
75.000000 193.000000
85.000000 220.000000
94.000000 244.000000
104.000000 268.000000
118.000000 293.000000
139.000000 312.000000
171.000000 319.000000
204.000000 307.000000
235.000000 281.000000
247.000000 252.000000
253.000000 221.000000
248.000000 191.000000
239.000000 161.000000
233.000000 135.000000
226.000000 94.000000
200.000000 78.000000
169.000000 81.000000
122.000000 169.000000
112.000000 167.000000
97.000000 166.000000
90.000000 168.000000
82.000000 169.000000
85.000000 180.000000
94.000000 177.000000
101.000000 173.000000
113.000000 173.000000
123.000000 175.000000
213.000000 154.000000
205.000000 153.000000
196.000000 151.000000
185.000000 152.000000
171.000000 158.000000
169.000000 167.000000
187.000000 162.000000
198.000000 160.000000
207.000000 162.000000
213.000000 161.000000
126.000000 183.000000
119.000000 175.000000
107.000000 175.000000
98.000000 181.000000
94.000000 189.000000
101.000000 191.000000
108.000000 191.000000
117.000000 187.000000
207.000000 169.000000
199.000000 165.000000
188.000000 165.000000
176.000000 166.000000
169.000000 175.000000
179.000000 178.000000
190.000000 177.000000
200.000000 174.000000
113.000000 180.000000
189.000000 172.000000
134.000000 178.000000
134.000000 194.000000
133.000000 207.000000
131.000000 221.000000
131.000000 235.000000
143.000000 240.000000
155.000000 242.000000
168.000000 236.000000
179.000000 225.000000
174.000000 212.000000
168.000000 200.000000
162.000000 188.000000
158.000000 174.000000
195.000000 260.000000
180.000000 257.000000
168.000000 257.000000
159.000000 261.000000
149.000000 260.000000
139.000000 265.000000
130.000000 269.000000
138.000000 277.000000
147.000000 281.000000
158.000000 283.000000
169.000000 281.000000
178.000000 275.000000
186.000000 269.000000
