179.000000 39.000000
139.000000 47.000000
109.000000 63.000000
88.000000 90.000000
79.000000 118.000000
75.000000 151.000000
75.000000 185.000000
81.000000 218.000000
88.000000 253.000000
105.000000 280.000000
128.000000 304.000000
178.000000 321.000000
219.000000 310.000000
248.000000 283.000000
263.000000 255.000000
270.000000 220.000000
276.000000 189.000000
278.000000 156.000000
277.000000 122.000000
272.000000 91.000000
250.000000 60.000000
219.000000 47.000000
158.000000 124.000000
142.000000 118.000000
127.000000 114.000000
111.000000 114.000000
98.000000 121.000000
100.000000 129.000000
113.000000 127.000000
127.000000 127.000000
141.000000 129.000000
154.000000 133.000000
258.000000 123.000000
245.000000 116.000000
231.000000 116.000000
218.000000 119.000000
203.000000 124.000000
206.000000 133.000000
220.000000 130.000000
232.000000 128.000000
245.000000 128.000000
256.000000 131.000000
151.000000 152.000000
143.000000 144.000000
133.000000 141.000000
123.000000 142.000000
108.000000 147.000000
122.000000 153.000000
132.000000 155.000000
143.000000 154.000000
246.000000 150.000000
232.000000 144.000000
223.000000 144.000000
213.000000 147.000000
206.000000 153.000000
215.000000 155.000000
224.000000 156.000000
234.000000 155.000000
131.000000 147.000000
225.000000 149.000000
165.000000 150.000000
162.000000 167.000000
159.000000 184.000000
152.000000 196.000000
150.000000 208.000000
158.000000 219.000000
178.000000 219.000000
193.000000 218.000000
205.000000 210.000000
204.000000 197.000000
199.000000 183.000000
194.000000 166.000000
192.000000 151.000000
212.000000 249.000000
199.000000 243.000000
187.000000 240.000000
176.000000 244.000000
165.000000 240.000000
153.000000 243.000000
139.000000 247.000000
148.000000 258.000000
158.000000 265.000000
169.000000 265.000000
180.000000 266.000000
194.000000 265.000000
204.000000 259.000000
