166.000000 66.000000
131.000000 71.000000
104.000000 82.000000
91.000000 107.000000
83.000000 140.000000
80.000000 164.000000
85.000000 199.000000
92.000000 228.000000
96.000000 253.000000
112.000000 277.000000
135.000000 293.000000
166.000000 301.000000
199.000000 293.000000
225.000000 277.000000
246.000000 255.000000
254.000000 227.000000
258.000000 197.000000
261.000000 167.000000
258.000000 138.000000
251.000000 112.000000
228.000000 86.000000
201.000000 73.000000
143.000000 135.000000
131.000000 131.000000
118.000000 128.000000
106.000000 128.000000
94.000000 134.000000
96.000000 140.000000
107.000000 137.000000
118.000000 138.000000
129.000000 140.000000
140.000000 143.000000
236.000000 135.000000
224.000000 129.000000
210.000000 128.000000
197.000000 131.000000
184.000000 135.000000
186.000000 142.000000
199.000000 140.000000
212.000000 138.000000
224.000000 138.000000
234.000000 140.000000
138.000000 162.000000
132.000000 155.000000
123.000000 152.000000
114.000000 153.000000
108.000000 158.000000
114.000000 163.000000
122.000000 165.000000
130.000000 165.000000
222.000000 158.000000
214.000000 152.000000
205.000000 151.000000
196.000000 154.000000
190.000000 161.000000
198.000000 164.000000
208.000000 166.000000
217.000000 163.000000
124.000000 158.000000
207.000000 158.000000
150.000000 160.000000
147.000000 174.000000
144.000000 187.000000
139.000000 201.000000
135.000000 215.000000
146.000000 222.000000
162.000000 226.000000
177.000000 222.000000
190.000000 213.000000
186.000000 200.000000
182.000000 187.000000
178.000000 173.000000
176.000000 160.000000
195.000000 246.000000
182.000000 243.000000
171.000000 240.000000
162.000000 243.000000
153.000000 240.000000
144.000000 243.000000
133.000000 246.000000
140.000000 253.000000
148.000000 257.000000
158.000000 260.000000
169.000000 260.000000
178.000000 257.000000
186.000000 253.000000
