177.000000 48.000000
142.000000 56.000000
113.000000 70.000000
94.000000 89.000000
79.000000 120.000000
76.000000 154.000000
81.000000 182.000000
89.000000 219.000000
99.000000 245.000000
117.000000 271.000000
141.000000 298.000000
179.000000 309.000000
215.000000 297.000000
237.000000 274.000000
255.000000 248.000000
266.000000 218.000000
269.000000 185.000000
271.000000 155.000000
270.000000 126.000000
261.000000 95.000000
241.000000 74.000000
211.000000 53.000000
154.000000 130.000000
140.000000 125.000000
126.000000 121.000000
111.000000 120.000000
97.000000 126.000000
99.000000 135.000000
113.000000 133.000000
127.000000 134.000000
140.000000 137.000000
151.000000 141.000000
259.000000 129.000000
248.000000 122.000000
235.000000 123.000000
221.000000 126.000000
208.000000 132.000000
210.000000 142.000000
224.000000 138.000000
236.000000 136.000000
248.000000 135.000000
258.000000 137.000000
154.000000 162.000000
147.000000 153.000000
136.000000 148.000000
125.000000 149.000000
114.000000 153.000000
122.000000 159.000000
133.000000 162.000000
144.000000 162.000000
239.000000 154.000000
230.000000 149.000000
220.000000 148.000000
210.000000 151.000000
203.000000 160.000000
213.000000 162.000000
222.000000 162.000000
232.000000 159.000000
134.000000 154.000000
220.000000 154.000000
164.000000 156.000000
162.000000 172.000000
158.000000 187.000000
152.000000 202.000000
148.000000 218.000000
162.000000 227.000000
177.000000 230.000000
195.000000 227.000000
203.000000 216.000000
198.000000 200.000000
196.000000 187.000000
195.000000 173.000000
192.000000 156.000000
211.000000 252.000000
198.000000 247.000000
189.000000 245.000000
178.000000 248.000000
168.000000 245.000000
154.000000 247.000000
139.000000 247.000000
149.000000 258.000000
160.000000 267.000000
173.000000 272.000000
184.000000 272.000000
194.000000 267.000000
202.000000 259.000000
