173.000000 64.000000
133.000000 74.000000
105.000000 85.000000
96.000000 109.000000
89.000000 134.000000
85.000000 161.000000
85.000000 191.000000
89.000000 220.000000
99.000000 249.000000
118.000000 272.000000
141.000000 289.000000
173.000000 295.000000
203.000000 287.000000
227.000000 269.000000
246.000000 245.000000
254.000000 218.000000
259.000000 190.000000
260.000000 161.000000
260.000000 134.000000
253.000000 109.000000
237.000000 85.000000
209.000000 72.000000
154.000000 135.000000
142.000000 130.000000
130.000000 127.000000
118.000000 128.000000
107.000000 134.000000
109.000000 140.000000
120.000000 137.000000
130.000000 137.000000
141.000000 139.000000
151.000000 143.000000
240.000000 136.000000
230.000000 130.000000
219.000000 128.000000
207.000000 130.000000
195.000000 134.000000
197.000000 141.000000
209.000000 138.000000
220.000000 136.000000
230.000000 138.000000
238.000000 141.000000
151.000000 162.000000
144.000000 156.000000
135.000000 153.000000
127.000000 154.000000
120.000000 158.000000
126.000000 162.000000
135.000000 164.000000
143.000000 164.000000
225.000000 157.000000
217.000000 153.000000
209.000000 153.000000
202.000000 156.000000
196.000000 161.000000
203.000000 164.000000
212.000000 165.000000
220.000000 162.000000
134.000000 158.000000
211.000000 158.000000
162.000000 159.000000
159.000000 173.000000
156.000000 186.000000
152.000000 198.000000
146.000000 211.000000
158.000000 218.000000
173.000000 222.000000
187.000000 218.000000
198.000000 211.000000
194.000000 199.000000
190.000000 186.000000
186.000000 173.000000
185.000000 159.000000
204.000000 240.000000
193.000000 238.000000
182.000000 236.000000
173.000000 239.000000
163.000000 237.000000
152.000000 239.000000
139.000000 240.000000
148.000000 247.000000
157.000000 253.000000
168.000000 255.000000
179.000000 255.000000
188.000000 252.000000
196.000000 247.000000
