174.000000 50.000000
133.000000 48.000000
103.000000 69.000000
73.000000 99.000000
73.000000 131.000000
73.000000 162.000000
78.000000 195.000000
84.000000 225.000000
96.000000 253.000000
114.000000 278.000000
137.000000 304.000000
174.000000 318.000000
209.000000 305.000000
234.000000 280.000000
249.000000 258.000000
262.000000 227.000000
269.000000 198.000000
277.000000 163.000000
275.000000 132.000000
263.000000 100.000000
240.000000 74.000000
214.000000 60.000000
148.000000 130.000000
132.000000 124.000000
118.000000 121.000000
104.000000 120.000000
91.000000 123.000000
93.000000 131.000000
105.000000 131.000000
117.000000 132.000000
130.000000 134.000000
143.000000 138.000000
254.000000 126.000000
239.000000 123.000000
224.000000 125.000000
210.000000 128.000000
195.000000 134.000000
197.000000 141.000000
211.000000 138.000000
225.000000 135.000000
239.000000 133.000000
251.000000 133.000000
146.000000 161.000000
138.000000 151.000000
127.000000 145.000000
115.000000 146.000000
106.000000 152.000000
113.000000 159.000000
125.000000 162.000000
136.000000 162.000000
240.000000 155.000000
232.000000 149.000000
219.000000 148.000000
208.000000 152.000000
200.000000 160.000000
210.000000 163.000000
222.000000 164.000000
232.000000 161.000000
125.000000 153.000000
220.000000 156.000000
158.000000 157.000000
155.000000 176.000000
151.000000 192.000000
144.000000 208.000000
141.000000 225.000000
154.000000 235.000000
171.000000 239.000000
189.000000 236.000000
202.000000 225.000000
196.000000 209.000000
192.000000 194.000000
188.000000 177.000000
186.000000 158.000000
206.000000 259.000000
193.000000 257.000000
180.000000 254.000000
171.000000 257.000000
161.000000 254.000000
151.000000 257.000000
138.000000 258.000000
145.000000 269.000000
154.000000 278.000000
166.000000 283.000000
179.000000 283.000000
190.000000 277.000000
198.000000 270.000000
