161.000000 21.000000
111.000000 28.000000
83.000000 55.000000
72.000000 89.000000
72.000000 116.000000
72.000000 147.000000
73.000000 184.000000
80.000000 214.000000
85.000000 241.000000
100.000000 268.000000
116.000000 296.000000
159.000000 318.000000
215.000000 298.000000
235.000000 272.000000
251.000000 239.000000
264.000000 205.000000
274.000000 171.000000
275.000000 140.000000
269.000000 99.000000
260.000000 71.000000
244.000000 40.000000
207.000000 25.000000
125.000000 111.000000
113.000000 107.000000
101.000000 105.000000
89.000000 104.000000
78.000000 109.000000
80.000000 117.000000
92.000000 115.000000
102.000000 117.000000
113.000000 119.000000
125.000000 122.000000
227.000000 106.000000
215.000000 99.000000
202.000000 98.000000
187.000000 101.000000
171.000000 105.000000
172.000000 117.000000
189.000000 112.000000
203.000000 109.000000
215.000000 109.000000
225.000000 111.000000
124.000000 143.000000
117.000000 135.000000
108.000000 131.000000
98.000000 133.000000
89.000000 140.000000
97.000000 146.000000
106.000000 148.000000
115.000000 147.000000
213.000000 136.000000
206.000000 130.000000
194.000000 129.000000
184.000000 132.000000
176.000000 141.000000
185.000000 144.000000
197.000000 145.000000
207.000000 142.000000
108.000000 139.000000
195.000000 136.000000
135.000000 136.000000
133.000000 153.000000
131.000000 168.000000
127.000000 182.000000
122.000000 208.000000
130.000000 215.000000
143.000000 217.000000
158.000000 215.000000
171.000000 211.000000
168.000000 186.000000
156.000000 178.000000
155.000000 161.000000
160.000000 135.000000
192.000000 259.000000
180.000000 253.000000
153.000000 245.000000
144.000000 246.000000
136.000000 244.000000
126.000000 250.000000
119.000000 258.000000
127.000000 272.000000
138.000000 277.000000
147.000000 279.000000
158.000000 279.000000
170.000000 276.000000
179.000000 269.000000
