151.000000 68.000000
112.000000 67.000000
83.000000 66.000000
59.000000 90.000000
52.000000 135.000000
54.000000 183.000000
58.000000 215.000000
64.000000 251.000000
79.000000 274.000000
104.000000 297.000000
122.000000 315.000000
146.000000 326.000000
183.000000 321.000000
212.000000 308.000000
246.000000 288.000000
269.000000 255.000000
275.000000 223.000000
279.000000 183.000000
277.000000 143.000000
254.000000 112.000000
236.000000 77.000000
200.000000 70.000000
120.000000 155.000000
106.000000 151.000000
93.000000 148.000000
79.000000 146.000000
66.000000 149.000000
68.000000 157.000000
80.000000 156.000000
93.000000 158.000000
105.000000 160.000000
117.000000 164.000000
233.000000 153.000000
220.000000 148.000000
205.000000 149.000000
190.000000 150.000000
175.000000 153.000000
176.000000 162.000000
192.000000 159.000000
206.000000 158.000000
219.000000 157.000000
232.000000 159.000000
118.000000 185.000000
111.000000 176.000000
98.000000 171.000000
86.000000 173.000000
75.000000 174.000000
86.000000 185.000000
97.000000 188.000000
109.000000 187.000000
218.000000 182.000000
208.000000 176.000000
196.000000 174.000000
184.000000 178.000000
175.000000 186.000000
185.000000 189.000000
197.000000 190.000000
209.000000 188.000000
100.000000 179.000000
196.000000 182.000000
132.000000 182.000000
129.000000 199.000000
126.000000 214.000000
120.000000 228.000000
117.000000 241.000000
129.000000 249.000000
145.000000 255.000000
161.000000 249.000000
174.000000 240.000000
170.000000 225.000000
164.000000 214.000000
160.000000 196.000000
159.000000 182.000000
183.000000 276.000000
169.000000 272.000000
157.000000 271.000000
146.000000 274.000000
134.000000 271.000000
123.000000 273.000000
112.000000 275.000000
121.000000 283.000000
130.000000 289.000000
142.000000 293.000000
153.000000 293.000000
165.000000 289.000000
174.000000 284.000000
