182.000000 25.000000
148.000000 30.000000
117.000000 52.000000
93.000000 79.000000
78.000000 111.000000
73.000000 142.000000
77.000000 181.000000
84.000000 216.000000
98.000000 245.000000
114.000000 264.000000
135.000000 285.000000
174.000000 297.000000
206.000000 287.000000
233.000000 265.000000
250.000000 246.000000
265.000000 221.000000
274.000000 186.000000
279.000000 151.000000
280.000000 117.000000
274.000000 73.000000
248.000000 50.000000
216.000000 35.000000
153.000000 103.000000
137.000000 96.000000
121.000000 93.000000
105.000000 95.000000
92.000000 101.000000
95.000000 107.000000
107.000000 104.000000
120.000000 104.000000
135.000000 107.000000
149.000000 112.000000
263.000000 108.000000
249.000000 100.000000
235.000000 100.000000
220.000000 102.000000
205.000000 105.000000
207.000000 114.000000
221.000000 112.000000
236.000000 110.000000
248.000000 110.000000
259.000000 114.000000
150.000000 145.000000
141.000000 135.000000
129.000000 130.000000
117.000000 130.000000
108.000000 136.000000
116.000000 143.000000
128.000000 147.000000
139.000000 146.000000
249.000000 145.000000
237.000000 137.000000
226.000000 135.000000
217.000000 142.000000
208.000000 147.000000
214.000000 150.000000
227.000000 150.000000
238.000000 148.000000
127.000000 138.000000
227.000000 143.000000
163.000000 141.000000
158.000000 159.000000
153.000000 175.000000
145.000000 191.000000
141.000000 206.000000
154.000000 215.000000
173.000000 221.000000
191.000000 216.000000
206.000000 208.000000
202.000000 192.000000
197.000000 178.000000
193.000000 159.000000
191.000000 142.000000
214.000000 243.000000
195.000000 244.000000
184.000000 241.000000
173.000000 244.000000
161.000000 241.000000
149.000000 242.000000
135.000000 243.000000
142.000000 255.000000
152.000000 263.000000
165.000000 268.000000
180.000000 269.000000
191.000000 263.000000
201.000000 255.000000
