177.000000 68.000000
143.000000 69.000000
111.000000 79.000000
96.000000 110.000000
92.000000 140.000000
87.000000 167.000000
87.000000 197.000000
91.000000 226.000000
99.000000 252.000000
116.000000 273.000000
140.000000 288.000000
172.000000 297.000000
205.000000 289.000000
229.000000 272.000000
246.000000 252.000000
254.000000 226.000000
260.000000 200.000000
264.000000 171.000000
260.000000 143.000000
252.000000 114.000000
241.000000 79.000000
208.000000 67.000000
150.000000 133.000000
139.000000 130.000000
128.000000 128.000000
117.000000 129.000000
106.000000 136.000000
108.000000 142.000000
118.000000 139.000000
129.000000 138.000000
139.000000 139.000000
148.000000 140.000000
241.000000 137.000000
230.000000 131.000000
219.000000 129.000000
207.000000 131.000000
196.000000 135.000000
199.000000 142.000000
209.000000 140.000000
219.000000 139.000000
230.000000 140.000000
238.000000 143.000000
148.000000 165.000000
143.000000 158.000000
133.000000 154.000000
124.000000 155.000000
117.000000 160.000000
124.000000 165.000000
132.000000 167.000000
140.000000 167.000000
229.000000 163.000000
221.000000 157.000000
213.000000 155.000000
204.000000 158.000000
197.000000 165.000000
206.000000 168.000000
214.000000 169.000000
223.000000 167.000000
133.000000 160.000000
212.000000 162.000000
160.000000 160.000000
158.000000 174.000000
155.000000 187.000000
149.000000 200.000000
145.000000 212.000000
157.000000 218.000000
172.000000 222.000000
187.000000 219.000000
200.000000 211.000000
196.000000 199.000000
191.000000 188.000000
188.000000 174.000000
186.000000 161.000000
200.000000 246.000000
190.000000 241.000000
181.000000 237.000000
173.000000 239.000000
163.000000 237.000000
154.000000 241.000000
144.000000 245.000000
151.000000 252.000000
158.000000 256.000000
167.000000 259.000000
178.000000 260.000000
186.000000 257.000000
194.000000 252.000000
